# Blender 4.0.1
# www.blender.#o rg
#o  Cube
v -0.500000 0.147016 0.691655
v -0.500000 0.691655 -0.147016
v -0.500000 -0.691655 0.147016
v -0.500000 -0.147016 -0.691655
v 0.500000 0.147016 0.691655
v 0.500000 0.691655 -0.147016
v 0.500000 -0.691655 0.147016
v 0.500000 -0.147016 -0.691655
vn -1.0000 -0.0000 -0.0000
vn -0.0000 -0.8387 -0.5446
vn 1.0000 -0.0000 -0.0000
vn -0.0000 0.8387 0.5446
vn -0.0000 -0.5446 0.8387
vn -0.0000 0.5446 -0.8387
vt 0.625000 0.000000
vt 0.375000 0.250000
vt 0.375000 0.000000
vt 0.625000 0.250000
vt 0.375000 0.500000
vt 0.625000 0.500000
vt 0.375000 0.750000
vt 0.625000 0.750000
vt 0.375000 1.000000
vt 0.125000 0.750000
vt 0.125000 0.500000
vt 0.875000 0.500000
vt 0.625000 1.000000
vt 0.875000 0.750000
s 0
f 2/1/1 3/2/1 1/3/1
f 4/4/2 7/5/2 3/2/2
f 8/6/3 5/7/3 7/5/3
f 6/8/4 1/9/4 5/7/4
f 7/5/5 1/10/5 3/11/5
f 4/12/6 6/8/6 8/6/6
f 2/1/1 4/4/1 3/2/1
f 4/4/2 8/6/2 7/5/2
f 8/6/3 6/8/3 5/7/3
f 6/8/4 2/13/4 1/9/4
f 7/5/5 5/7/5 1/10/5
f 4/12/6 2/14/6 6/8/6
#o  Cube.001
v -0.500000 0.811966 -0.107175
v -0.500000 1.356606 -0.945845
v -0.500000 -0.026704 -0.651814
v -0.500000 0.517935 -1.490484
v 0.500000 0.811966 -0.107175
v 0.500000 1.356606 -0.945845
v 0.500000 -0.026704 -0.651814
v 0.500000 0.517935 -1.490484
vn -1.0000 -0.0000 -0.0000
vn -0.0000 -0.8387 -0.5446
vn 1.0000 -0.0000 -0.0000
vn -0.0000 0.8387 0.5446
vn -0.0000 -0.5446 0.8387
vn -0.0000 0.5446 -0.8387
vt 0.625000 0.000000
vt 0.375000 0.250000
vt 0.375000 0.000000
vt 0.625000 0.250000
vt 0.375000 0.500000
vt 0.625000 0.500000
vt 0.375000 0.750000
vt 0.625000 0.750000
vt 0.375000 1.000000
vt 0.125000 0.750000
vt 0.125000 0.500000
vt 0.875000 0.500000
vt 0.625000 1.000000
vt 0.875000 0.750000
s 0
f 10/15/7 11/16/7 9/17/7
f 12/18/8 15/19/8 11/16/8
f 16/20/9 13/21/9 15/19/9
f 14/22/10 9/23/10 13/21/10
f 15/19/11 9/24/11 11/25/11
f 12/26/12 14/22/12 16/20/12
f 10/15/7 12/18/7 11/16/7
f 12/18/8 16/20/8 15/19/8
f 16/20/9 14/22/9 13/21/9
f 14/22/10 10/27/10 9/23/10
f 15/19/11 13/21/11 9/24/11
f 12/26/12 10/28/12 14/22/12
#o  Cube.002
v -0.500000 1.449403 -0.923004
v -0.500000 1.994042 -1.761675
v -0.500000 0.610732 -1.467643
v -0.500000 1.155371 -2.306314
v 0.500000 1.449403 -0.923004
v 0.500000 1.994042 -1.761675
v 0.500000 0.610732 -1.467643
v 0.500000 1.155371 -2.306314
vn -1.0000 -0.0000 -0.0000
vn -0.0000 -0.8387 -0.5446
vn 1.0000 -0.0000 -0.0000
vn -0.0000 0.8387 0.5446
vn -0.0000 -0.5446 0.8387
vn -0.0000 0.5446 -0.8387
vt 0.625000 0.000000
vt 0.375000 0.250000
vt 0.375000 0.000000
vt 0.625000 0.250000
vt 0.375000 0.500000
vt 0.625000 0.500000
vt 0.375000 0.750000
vt 0.625000 0.750000
vt 0.375000 1.000000
vt 0.125000 0.750000
vt 0.125000 0.500000
vt 0.875000 0.500000
vt 0.625000 1.000000
vt 0.875000 0.750000
s 0
f 18/29/13 19/30/13 17/31/13
f 20/32/14 23/33/14 19/30/14
f 24/34/15 21/35/15 23/33/15
f 22/36/16 17/37/16 21/35/16
f 23/33/17 17/38/17 19/39/17
f 20/40/18 22/36/18 24/34/18
f 18/29/13 20/32/13 19/30/13
f 20/32/14 24/34/14 23/33/14
f 24/34/15 22/36/15 21/35/15
f 22/36/16 18/41/16 17/37/16
f 23/33/17 21/35/17 17/38/17
f 20/40/18 18/42/18 22/36/18
#o  Cube.003
v -0.500000 2.110111 -1.733577
v -0.500000 2.654750 -2.572248
v -0.500000 1.271440 -2.278216
v -0.500000 1.816079 -3.116887
v 0.500000 2.110111 -1.733577
v 0.500000 2.654750 -2.572248
v 0.500000 1.271440 -2.278216
v 0.500000 1.816079 -3.116887
vn -1.0000 -0.0000 -0.0000
vn -0.0000 -0.8387 -0.5446
vn 1.0000 -0.0000 -0.0000
vn -0.0000 0.8387 0.5446
vn -0.0000 -0.5446 0.8387
vn -0.0000 0.5446 -0.8387
vt 0.625000 0.000000
vt 0.375000 0.250000
vt 0.375000 0.000000
vt 0.625000 0.250000
vt 0.375000 0.500000
vt 0.625000 0.500000
vt 0.375000 0.750000
vt 0.625000 0.750000
vt 0.375000 1.000000
vt 0.125000 0.750000
vt 0.125000 0.500000
vt 0.875000 0.500000
vt 0.625000 1.000000
vt 0.875000 0.750000
s 0
f 26/43/19 27/44/19 25/45/19
f 28/46/20 31/47/20 27/44/20
f 32/48/21 29/49/21 31/47/21
f 30/50/22 25/51/22 29/49/22
f 31/47/23 25/52/23 27/53/23
f 28/54/24 30/50/24 32/48/24
f 26/43/19 28/46/19 27/44/19
f 28/46/20 32/48/20 31/47/20
f 32/48/21 30/50/21 29/49/21
f 30/50/22 26/55/22 25/51/22
f 31/47/23 29/49/23 25/52/23
f 28/54/24 26/56/24 30/50/24
#o  Cube.004
v -0.500000 2.783940 -2.548168
v -0.500000 3.328579 -3.386839
v -0.500000 1.945270 -3.092807
v -0.500000 2.489909 -3.931478
v 0.500000 2.783940 -2.548168
v 0.500000 3.328579 -3.386839
v 0.500000 1.945270 -3.092807
v 0.500000 2.489909 -3.931478
vn -1.0000 -0.0000 -0.0000
vn -0.0000 -0.8387 -0.5446
vn 1.0000 -0.0000 -0.0000
vn -0.0000 0.8387 0.5446
vn -0.0000 -0.5446 0.8387
vn -0.0000 0.5446 -0.8387
vt 0.625000 0.000000
vt 0.375000 0.250000
vt 0.375000 0.000000
vt 0.625000 0.250000
vt 0.375000 0.500000
vt 0.625000 0.500000
vt 0.375000 0.750000
vt 0.625000 0.750000
vt 0.375000 1.000000
vt 0.125000 0.750000
vt 0.125000 0.500000
vt 0.875000 0.500000
vt 0.625000 1.000000
vt 0.875000 0.750000
s 0
f 34/57/25 35/58/25 33/59/25
f 36/60/26 39/61/26 35/58/26
f 40/62/27 37/63/27 39/61/27
f 38/64/28 33/65/28 37/63/28
f 39/61/29 33/66/29 35/67/29
f 36/68/30 38/64/30 40/62/30
f 34/57/25 36/60/25 35/58/25
f 36/60/26 40/62/26 39/61/26
f 40/62/27 38/64/27 37/63/27
f 38/64/28 34/69/28 33/65/28
f 39/61/29 37/63/29 33/66/29
f 36/68/30 34/70/30 38/64/30
